000409
000826
000593
000419
000050
000158
000603
000858
000874
000240
000699
000960
000011
000517
000082
000522
000847
000460
000865
000995
000146
000627
000806
000822
000013
000131
000478
000917
000112
000167
001083
000496
000355
000427
000408
000058
000765
001072
000189
000993
000018
000032
000134
000938
000877
000143
000402
000268
000206
000928
000022
000023
000328
000347
000615
000739
000320
000968
001077
000937
000767
000152
001062
000076
000342
000028
000784
000664
000674
000809
001105
000846
000161
000747
000384
000316
000986
000418
000370
000486
000545
000062
000396
000693
000490
000555
000875
000641
000684
000029
000642
000816
000094
000463
000043
000445
000605
000608
000589
000549
000001
000602
000120
000437
000348
000860
001109
000834
000105
001037
000072
000326
000770
001003
000813
000535
000498
000835
000812
000805
001099
000692
000837
000283
000125
000446
001064
001094
000629
000111
000811
000482
001057
000796
000744
000706
001009
000850
000573
000098
000159
000365
001117
000195
000359
000830
001065
000672
000992
000248
000559
000655
000092
000912
000829
001052
000934
000886
000910
000976
000052
000900
000061
000166
000130
000192
001017
000016
001048
000729
000651
000272
000771
000634
000137
001115
000843
000989
000163
000700
000840
000035
000637
000832
000084
000293
000546
000373
000406
000539
000219
000169
000294
000859
000733
000172
000429
000914
000376
000333
000006
000138
000963
000423
000338
000453
000304
000254
000400
000578
000598
000652
000610
000619
001106
000630
000367
000319
000007
001111
000566
000351
000971
000039
000753
000663
001045
000133
000769
000157
000583
000229
000582
000836
000301
000074
000160
000054
001078
000845
000194
000667
000127
000162
000781
000862
000344
000164
000650
000303
000472
000823
000943
001002
000286
000291
000170
000255
000575
000425
000235
000068
000711
000060
000232
000722
000952
000831
000218
000649
000659
000136
000716
000329
000868
000010
000290
000887
000422
000121
001033
000901
000688
000665
000638
000798
000701
000661
000889
000459
000128
000318
000426
000940
000946
001014
000902
000953
000775
000080
000568
000289
000197
000746
000390
000362
000045
001085
000436
000311
000126
001102
000942
000991
000790
000726
000502
000676
000878
000970
000803
000521
000815
000565
000394
000110
000383
000962
000855
000585
000034
000322
000520
000181
000122
001051
000867
000787
000728
000964
000606
001050
000102
000489
000155
000009
000685
000292
000558
000888
000153
000523
000973
000899
000360
000324
000177
000793
000259
000213
001091
000944
001082
000538
000455
000198
000145
000774
000282
000772
000115
000497
000669
000639
000135
000234
000114
000633
000033
000410
000879
000557
000458
000180
000734
000474
000428
000208
000824
000894
000492
000251
000088
000759
001086
001006
000869
000613
000697
000309
000554
000907
001069
001098
000211
000019
000356
000513
000737
000144
000441
000238
000551
000631
000487
000955
000736
000925
000279
001093
000345
000891
000632
000624
000443
000150
000243
000801
000742
000604
000101
000567
000896
000017
000366
001042
001079
000792
000175
000083
000154
000915
000439
000636
000113
000731
000939
000379
000193
000848
001116
000913
001060
000503
000656
000646
000577
000231
000670
000431
000724
000225
000249
000842
000095
000031
000817
000884
000562
000990
000151
000644
000727
000183
000849
000252
000284
001004
000984
000531
000476
000012
000735
001108
000285
000857
000838
000184
000611
000330
000628
000299
000668
000237
000695
000465
000097
001039
000959
000086
000186
000242
000003
000640
000236
000825
000748
000106
001026
001041
000528
000020
001075
000337
000504
000654
000002
000880
000099
000005
000269
000741
000190
000015
000407
000142
000516
000621
000533
000107
000201
000392
000081
000047
000026
000721
000979
000188
000323
000595
000951
000515
000267
001089
000696
000570
000778
001110
000863
000548
000391
000069
001038
000929
000506
000777
000004
000417
000295
000768
000961
001010
000440
000349
000044
000048
000500
000404
000468
000745
000093
000530
000988
000923
000658
000450
000563
000507
000814
000469
000662
000853
000401
000363
000129
001053
000220
000870
000841
000808
000956
000444
000591
000442
000550
000207
000109
000540
001008
000499
000905
000025
000041
000064
000065
000204
000118
000782
000622
000576
000584
000804
000536
000918
000510
000509
001056
000209
000270
000969
000451
000895
001096
000103
000541
000911
001021
000140
001068
000897
000609
000395
000046
000462
000529
000686
001101
001000
000447
000263
000978
000508
000924
000564
000165
001047
000675
000473
001103
000708
000104
000920
000586
000123
000357
000839
000625
000038
000091
000678
000569
000315
001104
000387
001067
000647
001040
000380
000085
000698
000386
000399
000307
001015
000336
000881
000936
000244
000124
000763
000601
000354
000077
000260
000470
000810
000340
000626
000253
000191
000297
000892
000024
000653
000265
000477
000802
000273
000216
000078
000827
000274
000537
000799
000090
000306
000457
000789
000994
000635
000980
000904
000493
000757
000717
000723
000542
000149
000966
000057
000579
000710
000689
000087
000679
000519
000740
000732
001019
000089
000854
000358
001114
000720
001100
000312
000996
000139
001036
000416
000196
000590
000643
000042
000168
000957
000185
000212
000375
000785
000382
000433
001087
001044
000488
000148
000690
000620
000227
000205
000281
000403
000671
000600
000712
000352
000616
000364
000719
000056
000707
000958
000561
000040
001071
000657
000014
000321
000648
000464
000926
000432
000828
000405
000485
000758
000266
000852
000393
000372
000247
000713
000703
000063
000257
000287
000199
001001
000262
000580
001028
001016
000755
000071
000132
000556
000037
000597
000228
000623
000217
000856
000691
000179
000021
000844
000673
000930
000116
000308
000981
000335
000560
000527
000075
000933
000898
001013
000241
001023
000053
000833
000890
000977
000203
000430
000751
001018
000872
000070
001080
000861
000481
000999
000534
000949
001097
001035
000438
000339
001081
000096
000694
000932
000456
001030
000544
001095
000526
000454
000687
000300
000221
000414
000795
000475
000027
001112
000278
000514
000250
000967
000066
000449
000256
000680
001113
000277
000922
000246
000461
000749
000505
000511
000983
000346
000532
001024
000607
000325
000760
000471
000596
000388
